1 0.2604 0.014570518178843207
2 0.2572 0.0055856960175075816
3 0.25739999999999996 0.010163660757817538
4 0.2448 0.010756393447619885
5 0.2502 0.004324349662087935
6 0.25379999999999997 0.005890670590009262
7 0.25060000000000004 0.011545561917897294
8 0.25 0.01104536101718727
9 0.2492 0.016392071254115518
10 0.2502 0.018539147768977964
11 0.25759999999999994 0.009889388252060902
12 0.2452 0.009628083921528726
13 0.2444 0.004929503017546499
14 0.2448 0.015466091943344968
15 0.25620000000000004 0.012111977542911821
